327
436
432
639
731
538
986
31
743
733
386
913
539
525
755
712
776
757
298
737
979
514
658
410
372
413
914
384
24
719
620
957
282
642
624
552
422
722
956
322
627
549
556
280
291
548
232
656
992
362
391
537
734
411
459
371
901
916
465
482
464
418
554
735
263
526
738
390
265
383
331
366
964
736
752
431
363
763
630
21
377
718
621
379
260
461
625
747
396
397
405
251
328
361
450
723
727
774
275
367
653
918
273
373
975
983
451
643
365
987
336
654
231
631
910
370
536
393
553
427
341
915
922
646
267
724
516
352
531
911
398
711
533
423
399
382
414
761
974
409
325
641
387
635
931
542
463
452
961
378
652
721
355
283
732
276
966
381
289
332
730
770
534
376
274
343
779
748
429
254
766
385
644
562
741
287
380
374
925
519
969
924
324
634
655
402
357
532
395
623
628
368
769
512
965
622
522
764
333
962
563
767
358
725
261
392
426
768
728
338
271
419
753
438
917
541
717
272
739
335
434
928
967
636
351
394
626
518
632
720
951
921
253
751
430
61
408
484
262
284
296
481
281
568
778
233
420
252
417
963
765
633
760
295
471
650
364
955
342
567
527
927
264
980
428
746
762
356
659
421
981
971
984
354
713
321
742
543
702
285
902
286
458
565
334
744
457
929
388
294
293
473
777
462
435
515
234
353
297
401
266
645
561
545
453
756
389
403
923
517
404
952
754
513
714
292
657
511
485
729
22
629
564
773
551
323
535
771
651